image: riseholme_v9_slam_toolbox_online_async.pgm
resolution: 0.050000
origin: [-88.788666, -227.792824, 0.000000]
negate: 0
occupied_thresh: 0.65
free_thresh: 0.196

